(((0.21, 0.26, 0.24, 0.3),
(0.26, 0.31, 0.18, 0.25),
(0.35, 0.37, 0.05, 0.23),
(0.35, 0.25, 0.11, 0.29),
(0.26, 0.36, 0.1, 0.28),
(0.18, 0.25, 0.22, 0.34),
(0.29, 0.27, 0.13, 0.31),
(0.19, 0.31, 0.21, 0.29),
(0.21, 0.17, 0.16, 0.46),
(0.21, 0.38, 0.17, 0.24),
(0.06, 0.17, 0.38, 0.39),
(0.25, 0.4, 0.11, 0.24),
(0.17, 0.24, 0.29, 0.3),
(0.15, 0.18, 0.3, 0.37),
(0.22, 0.28, 0.24, 0.26),
(0.19, 0.15, 0.26, 0.4),
(0.15, 0.29, 0.26, 0.31),
(0.15, 0.24, 0.28, 0.33),
(0.31, 0.45, 0.06, 0.18),
(0.23, 0.26, 0.12, 0.39),
(0.27, 0.24, 0.22, 0.27),
(0.27, 0.31, 0.2, 0.22),
(0.3, 0.36, 0.05, 0.28),
(0.22, 0.33, 0.16, 0.28),
(0.18, 0.18, 0.24, 0.4),
(0.21, 0.21, 0.25, 0.33),
(0.18, 0.17, 0.28, 0.38),
(0.25, 0.21, 0.19, 0.35),
(0.24, 0.2, 0.2, 0.36),
(0.2, 0.17, 0.28, 0.35)))
